Jsimilarity + Fuzzy

('Accuracy:', 0.7838829128033756, array([0.7831172 , 0.78450911, 0.78493313, 0.78270318, 0.78415194]))
('Precision:', 0.7691512958207491, array([0.76840035, 0.76983309, 0.77024719, 0.76782671, 0.76944914]))
('Recall:', 0.7645194549855236, array([0.76329281, 0.76519846, 0.76588594, 0.76344625, 0.76477381]))
('F-Measure:', 0.7666338247592719, array([0.76560339, 0.76731534, 0.76788857, 0.76545456, 0.76690726]))

Fuzzy

('Accuracy:', 0.7522685133733437, array([0.75041518, 0.75327291, 0.75661207, 0.74969965, 0.75134276]))
('Precision:', 0.7417648080900642, array([0.74022375, 0.74280234, 0.74731515, 0.73818608, 0.74029672]))
('Recall:', 0.7108306482490578, array([0.70780543, 0.71217173, 0.71518791, 0.70868977, 0.7102984 ]))
('F-Measure:', 0.7190323616988417, array([0.71609012, 0.72038358, 0.72373023, 0.7166085 , 0.71834938]))

Jmatrix

('Accuracy:', 0.7561553889755768, array([0.75403696, 0.75659441, 0.76025159, 0.75402827, 0.75586572]))
('Precision:', 0.7439743795969307, array([0.74217913, 0.7442103 , 0.74902277, 0.74103347, 0.74342623]))
('Recall:', 0.7188310162429138, array([0.71531665, 0.71978435, 0.72295624, 0.71725   , 0.71884785]))
('F-Measure:', 0.7263554973379323, array([0.7230465 , 0.72720536, 0.73076647, 0.7244856 , 0.72627357]))

